"row"	"col"	"yield"
1	1	14.515
2	1	17.2365
3	1	21.7724
4	1	25.4012
5	1	24.9476
6	1	19.0509
7	1	23.5868
8	1	28.1227
9	1	29.0299
10	1	20.8652
11	1	32.2051
12	1	20.8652
13	1	24.494
14	1	29.9371
15	1	30.8443
16	1	31.2979
17	1	17.6901
18	1	30.3907
19	1	30.8443
20	1	30.3907
21	1	31.2979
22	1	27.6691
23	1	31.7515
24	1	35.3338
25	1	26.7619
26	1	31.7515
27	1	35.3802
28	1	22.6796
29	1	20.4117
30	1	20.4117
31	1	19.0509
32	1	29.4835
33	1	20.8652
34	1	17.2365
35	1	9.979
36	1	13.6078
37	1	13.1542
38	1	15.4221
39	1	19.9581
40	1	27.2155
1	2	15.8757
2	2	15.4221
3	2	18.1437
4	2	18.1437
5	2	29.4835
6	2	24.0404
7	2	17.2365
8	2	31.2979
9	2	14.0614
10	2	20.8652
11	2	27.6691
12	2	14.0614
13	2	38.5554
14	2	19.5045
15	2	35.3802
16	2	30.3907
17	2	34.0194
18	2	25.4012
19	2	24.494
20	2	24.9476
21	2	29.4836
22	2	19.9581
23	2	19.0509
24	2	40.3697
25	2	25.4012
26	2	27.6691
27	2	19.5045
28	2	26.3084
29	2	24.9476
30	2	15.4221
31	2	24.9476
32	2	37.6482
33	2	36.741
34	2	22.226
35	2	20.4117
36	2	14.9685
37	2	14.9685
38	2	21.3181
39	2	24.3476
40	2	29.0299
1	3	23.5868
2	3	29.9371
3	3	24.9476
4	3	19.0509
5	3	22.6796
6	3	32.2051
7	3	17.2365
8	3	29.9371
9	3	14.9685
10	3	24.494
11	3	19.9581
12	3	16.7829
13	3	31.7515
14	3	21.3188
15	3	12.7006
16	3	13.6078
17	3	15.4221
18	3	25.4012
19	3	20.8652
20	3	19.5045
21	3	28.5763
22	3	20.8652
23	3	39.0089
24	3	20.8652
25	3	9.979
26	3	22.226
27	3	23.1332
28	3	25.4012
29	3	24.494
30	3	20.8652
31	3	28.5763
32	3	31.7515
33	3	29.0299
34	3	22.226
35	3	14.9685
36	3	16.7829
37	3	14.515
38	3	20.8652
39	3	13.6078
40	3	33.1122
1	4	33.5658
2	4	19.0509
3	4	25.4012
4	4	35.8338
5	4	22.226
6	4	29.9371
7	4	38.1018
8	4	32.6587
9	4	31.2979
10	4	31.7515
11	4	26.3084
12	4	26.3084
13	4	24.494
14	4	19.0509
15	4	18.1437
16	4	43.9985
17	4	34.0194
18	4	41.7305
19	4	35.3802
20	4	24.9476
21	4	39.4625
22	4	29.4835
23	4	31.7515
24	4	30.3907
25	4	38.1018
26	4	36.2874
27	4	34.473
28	4	43.9985
29	4	47.1736
30	4	40.8233
31	4	41.7305
32	4	31.2979
33	4	14.5152
34	4	22.6796
35	4	9.0718
36	4	12.247
37	4	19.9581
38	4	21.7724
39	4	26.7619
40	4	42.6377
1	5	40.3697
2	5	20.4117
3	5	17.2365
4	5	33.5658
5	5	16.7829
6	5	16.3293
7	5	18.1437
8	5	21.3188
9	5	19.5045
10	5	28.5763
11	5	12.7006
12	5	24.9476
13	5	28.5763
14	5	19.9581
15	5	34.473
16	5	25.4012
17	5	40.8233
18	5	14.9685
19	5	13.6078
20	5	18.5973
21	5	30.8443
22	5	22.6796
23	5	27.6691
24	5	39.0089
25	5	29.9371
26	5	29.4835
27	5	21.7724
28	5	38.5554
29	5	27.6691
30	5	24.0404
31	5	23.1332
32	5	35.3802
33	5	19.9581
34	5	18.1437
35	5	12.247
36	5	9.0718
37	5	12.7006
38	5	12.7006
39	5	18.1437
40	5	40.3677
1	6	39.9161
2	6	31.7515
3	6	15.8757
4	6	30.8443
5	6	23.1332
6	6	19.0509
7	6	20.8652
8	6	29.4835
9	6	28.5763
10	6	29.9371
11	6	30.3907
12	6	16.7829
13	6	21.7724
14	6	25.4012
15	6	26.3084
16	6	24.9476
17	6	33.1126
18	6	25.8548
19	6	28.5763
20	6	34.9266
21	6	24.0404
22	6	21.3188
23	6	24.494
24	6	25.4012
25	6	34.9266
26	6	29.4835
27	6	26.3084
28	6	37.1946
29	6	20.8652
30	6	31.7515
31	6	20.8652
32	6	27.2155
33	6	16.3293
34	6	13.6078
35	6	5.4431
36	6	8.6183
37	6	14.515
38	6	13.6078
39	6	28.5763
40	6	33.5658
1	7	34.9266
2	7	34.0194
3	7	30.8443
4	7	22.226
5	7	21.7724
6	7	24.9476
7	7	34.9266
8	7	24.0404
9	7	43.0913
10	7	31.2979
11	7	29.4835
12	7	29.4835
13	7	36.2874
14	7	27.2155
15	7	23.1332
16	7	14.9685
17	7	38.5554
18	7	22.6796
19	7	19.5045
20	7	22.6796
21	7	12.7006
22	7	16.3293
23	7	11.3398
24	7	9.5254
25	7	19.0509
26	7	20.8652
27	7	35.3802
28	7	35.8338
29	7	31.2979
30	7	17.6901
31	7	22.226
32	7	24.494
33	7	33.5658
34	7	4.5359
35	7	7.2575
36	7	19.0509
37	7	8.6183
38	7	22.6796
39	7	17.6901
40	7	27.6691
1	8	22.226
2	8	39.0089
3	8	10.5045
4	8	27.6691
5	8	36.2874
6	8	20.8652
7	8	29.9371
8	8	22.226
9	8	15.4221
10	8	23.5868
11	8	24.494
12	8	29.9371
13	8	29.0299
14	8	19.9581
15	8	35.8338
16	8	19.5045
17	8	38.5554
18	8	21.7724
19	8	24.9476
20	8	43.5449
21	8	36.2874
22	8	47.6272
23	8	8.1647
24	8	31.7515
25	8	34.0194
26	8	46.72
27	8	24.0404
28	8	18.1437
29	8	36.2874
30	8	29.9371
31	8	26.3084
32	8	24.9876
33	8	35.8338
34	8	23.5868
35	8	27.2155
36	8	17.6901
37	8	18.5973
38	8	20.8652
39	8	24.494
40	8	18.1437
1	9	16.7829
2	9	22.6796
3	9	22.6796
4	9	14.0614
5	9	17.2365
6	9	36.2874
7	9	29.0298
8	9	28.1227
9	9	36.2874
10	9	49.8952
11	9	18.1437
12	9	37.6482
13	9	26.3084
14	9	30.3907
15	9	21.3188
16	9	47.6272
17	9	38.1018
18	9	29.9371
19	9	18.5973
20	9	37.1946
21	9	28.1227
22	9	36.8874
23	9	32.6587
24	9	30.8443
25	9	39.4625
26	9	38.1018
27	9	34.0194
28	9	34.9266
29	9	22.226
30	9	38.1018
31	9	48.988
32	9	35.3802
33	9	27.2155
34	9	33.1132
35	9	21.3888
36	9	28.1827
37	9	10.8862
38	9	22.6796
39	9	26.3084
40	9	17.6901
1	10	21.3188
2	10	20.4117
3	10	41.2769
4	10	27.2155
5	10	37.1946
6	10	25.8548
7	10	21.3188
8	10	20.4117
9	10	14.0614
10	10	18.1437
11	10	32.2051
12	10	24.9476
13	10	36.741
14	10	43.5449
15	10	30.3907
16	10	22.6796
17	10	18.1437
18	10	33.5658
19	10	45.3592
20	10	22.226
21	10	27.2155
22	10	38.1018
23	10	49.8952
24	10	15.8757
25	10	42.6377
26	10	30.3907
27	10	39.0089
28	10	36.2874
29	10	29.9371
30	10	29.9371
31	10	38.1018
32	10	19.0509
33	10	29.0299
34	10	22.6796
35	10	29.0299
36	10	24.494
37	10	10.8862
38	10	10.8862
39	10	34.9266
40	10	16.3293
1	11	32.6587
2	11	25.4012
3	11	38.1018
4	11	21.3188
5	11	36.2874
6	11	47.6272
7	11	30.3907
8	11	29.9371
9	11	17.2365
10	11	23.5868
11	11	36.2874
12	11	34.473
13	11	25.4012
14	11	51.7095
15	11	45.3592
16	11	49.8952
17	11	36.2874
18	11	39.0089
19	11	16.3293
20	11	33.5658
21	11	35.3802
22	11	48.0808
23	11	25.4012
24	11	58.0598
25	11	27.2155
26	11	19.0509
27	11	41.2769
28	11	20.8652
29	11	48.988
30	11	22.6796
31	11	38.1018
32	11	44.4521
33	11	24.494
34	11	14.0614
35	11	28.1227
36	11	21.3188
37	11	26.3084
38	11	15.8757
39	11	16.3293
40	11	22.6796
1	12	20.4117
2	12	24.9476
3	12	37.6482
4	12	20.0299
5	12	23.5868
6	12	44.4521
7	12	23.5868
8	12	31.2979
9	12	46.2664
10	12	29.9371
11	12	41.2769
12	12	24.9476
13	12	29.483
14	12	26.3084
15	12	36.2874
16	12	34.9266
17	12	34.0194
18	12	38.5554
19	12	22.226
20	12	70.7604
21	12	29.4835
22	12	10.4326
23	12	30.8443
24	12	27.2155
25	12	36.741
26	12	29.4835
27	12	38.5554
28	12	27.2155
29	12	39.0089
30	12	38.1018
31	12	33.1122
32	12	39.4625
33	12	18.1437
34	12	26.3084
35	12	18.1437
36	12	22.6796
37	12	48.0808
38	12	27.2155
39	12	27.2155
40	12	38.5554
1	13	28.5763
2	13	17.2365
3	13	11.3398
4	13	27.2155
5	13	28.5763
6	13	37.1946
7	13	25.4012
8	13	36.2876
9	13	30.3907
10	13	21.7724
11	13	28.1227
12	13	22.6796
13	13	25.8548
14	13	24.9476
15	13	31.7515
16	13	19.0509
17	13	18.5973
18	13	6.8039
19	13	19.0504
20	13	30.8443
21	13	23.1332
22	13	24.0404
23	13	18.1433
24	13	21.3188
25	13	23.586
26	13	10.8862
27	13	29.0291
28	13	14.515
29	13	18.1437
30	13	22.6796
31	13	30.8443
32	13	27.2155
33	13	29.0299
34	13	30.3967
35	13	18.1437
36	13	22.226
37	13	6.3503
38	13	8.6183
39	13	18.1437
40	13	13.6078
1	14	18.5973
2	14	27.2155
3	14	22.6796
4	14	36.2874
5	14	38.1018
6	14	17.2365
7	14	26.3084
8	14	32.1332
9	14	35.8338
10	14	23.1332
11	14	51.7095
12	14	27.2155
13	14	42.1841
14	14	28.5763
15	14	32.6587
16	14	37.6182
17	14	11.7934
18	14	13.6078
19	14	31.7515
20	14	87.6691
21	14	20.8652
22	14	36.741
23	14	16.3293
24	14	36.2874
25	14	28.1227
26	14	27.2155
27	14	14.0614
28	14	25.4012
29	14	37.6482
30	14	25.8548
31	14	14.5156
32	14	38.5554
33	14	20.4117
34	14	26.3084
35	14	26.3084
36	14	40.8233
37	14	26.3084
38	14	26.3084
39	14	19.0509
40	14	29.4835
1	15	37.6482
2	15	28.1227
3	15	27.6691
4	15	13.6078
5	15	27.6691
6	15	40.8233
7	15	30.8443
8	15	31.7515
9	15	48.988
10	15	40.8233
11	15	39.9161
12	15	56.699
13	15	38.1018
14	15	20.8652
15	15	41.7305
16	15	49.4416
17	15	23.5868
18	15	43.5449
19	15	19.0509
20	15	33.1122
21	15	34.0194
22	15	31.7515
23	15	30.3907
24	15	50.8023
25	15	24.9476
26	15	31.7515
27	15	36.2874
28	15	19.9581
29	15	38.5554
30	15	45.3592
31	15	34.0194
32	15	38.5554
33	15	36.2874
34	15	42.1841
35	15	26.3084
36	15	29.9371
37	15	29.0299
38	15	20.8652
39	15	16.3293
40	15	24.494
